102 1894
1076 17
34 73
123 104
1089 11
102 68
47 81
1102 33
115 45
60 100
1081 29
94 101
39 94
1094 39
107 56
52 75
1073 23
120 85
1086 5
99 64
44 25
1099 22
112 60
57 77
1078 30
91 99
36 97
125 105
1091 18
104 61
49 54
117 66
62 96
1083 14
96 103
41 57
1096 32
109 55
54 80
1075 26
33 42
122 82
1088 12
101 36
46 28
1101 38
114 50
59 84
1080 9
93 98
38 95
1093 34
106 89
51 70
1072 6
119 76
64 58
1085 10
98 71
43 87
1098 83
111 37
56 78
1077 7
35 31
124 92
1090 8
103 69
48 47
1103 20
116 51
61 91
1082 16
95 53
40 74
9601 4
1095 24
108 49
53 72
1074 13
121 62
1087 19
100 63
45 41
1100 21
113 93
58 67
1079 27
92 102
37 88
126 90
105 40
1092 44
50 43
1105 48
118 65
63 59
1084 15
97 35
42 86
1097 46
110 52
55 79
4 11 106
4 19 107
4 13 108
4 10 109
8 5 110
4 9 111
4 15 112
10 5 113
7 10 114
12 6 115
11 8 116
4 16 117
12 5 118
4 17 119
4 5 120
107 5 121
4 31 122
26 5 123
14 6 124
7 8 125
8 21 126
109 6 127
14 9 128
4 8 129
4 23 130
16 6 131
12 7 132
16 5 133
27 6 134
10 9 135
109 7 136
13 6 137
14 21 138
4 24 139
13 5 140
10 6 141
14 5 142
17 6 143
12 9 144
4 18 145
7 15 146
16 9 147
10 22 148
11 20 149
8 7 150
15 6 151
8 6 152
4 134 153
4 38 154
7 12 155
14 33 156
15 5 157
112 5 158
4 20 159
23 5 160
117 6 161
117 5 162
10 7 163
139 110 164
34 5 165
17 7 166
11 7 167
114 9 168
17 5 169
12 18 170
14 7 171
107 118 172
24 6 173
17 9 174
4 30 175
8 9 176
4 115 177
15 9 178
4 6 179
154 110 180
13 9 181
11 21 182
4 7 183
14 20 184
4 110 185
19 5 186
119 5 187
114 21 188
109 5 189
116 21 190
4 123 191
24 9 192
129 6 193
108 167 194
130 22 195
120 8 196
11 9 197
13 22 198
108 5 199
4 156 200
106 5 201
32 7 202
16 18 203
116 6 204
112 6 205
17 18 206
108 22 207
30 7 208
7 23 209
32 9 210
107 144 211
11 110 212
13 7 213
19 6 214
4 27 215
14 18 216
28 28 217
12 22 218
23 9 219
108 6 220
24 7 221
4 26 222
11 5 223
26 143 224
4 165 225
161 16 226
10 18 227
7 29 228
106 6 229
9 27 230
10 20 231
4 58 232
15 18 233
44 5 234
130 18 235
19 9 236
8 22 237
119 6 238
15 7 239
119 7 240
4 41 241
15 22 242
11 6 243
116 9 244
30 113 245
39 9 246
4 132 247
43 47 248
130 5 249
120 23 250
106 140 251
32 6 252
148 29 253
26 6 254
15 114 255
126 149 256
148 7 257
4 118 258
7 132 259
112 22 260
17 22 261
138 113 262
12 20 263
168 20 264
26 9 265
112 114 266
17 125 267
209 20 268
30 9 269
7 25 270
32 21 271
23 22 272
14 22 273
266 20 274
112 7 275
108 7 276
109 9 277
177 27 278
193 16 279
39 7 280
119 184 281
8 18 282
113 123 283
108 11 284
111 27 285
121 17 286
8 149 287
4 54 288
129 22 289
138 133 290
141 20 291
113 29 292
24 188 293
30 6 294
15 25 295
175 7 296
175 230 297
137 126 298
125 149 299
130 7 300
46 9 301
23 6 302
133 29 303
168 7 304
217 28 305
10 21 306
40 52 307
162 110 308
129 7 309
26 18 310
11 128 311
4 25 312
112 163 313
107 132 314
234 110 315
17 21 316
13 18 317
112 9 318
26 115 319
106 152 320
49 40 321
11 22 322
24 113 323
11 131 324
19 118 325
123 17 326
13 125 327
44 9 328
119 170 329
107 6 330
109 18 331
14 125 332
200 219 333
120 293 334
13 21 335
33 8 336
4 128 337
46 7 338
19 7 339
215 141 340
24 18 341
11 16 342
115 27 343
45 51 344
106 9 345
34 6 346
248 43 347
11 147 348
111 10 349
249 138 350
198 29 351
119 188 352
132 15 353
148 34 354
23 18 355
29 25 356
4 74 357
139 7 358
209 7 359
145 208 360
106 173 361
107 259 362
41 110 363
135 151 364
16 115 365
116 140 366
129 268 367
19 18 368
161 30 369
13 113 370
108 9 371
162 224 372
35 52 373
107 18 374
4 43 375
106 7 376
36 50 377
124 182 378
185 290 379
13 155 380
177 160 381
8 115 382
11 133 383
135 7 384
117 18 385
117 115 386
111 128 387
27 9 388
119 18 389
172 212 390
106 110 391
39 6 392
27 22 393
16 7 394
235 267 395
108 353 396
121 11 397
146 18 398
24 131 399
20 8 400
216 24 401
126 25 402
23 7 403
183 190 404
119 125 405
125 7 406
20 25 407
214 197 408
183 311 409
165 174 410
30 17 411
4 315 412
408 160 413
46 48 414
53 53 415
29 150 416
11 113 417
308 218 418
49 37 419
35 50 420
106 268 421
127 11 422
107 155 423
56 36 424
195 142 425
32 5 426
107 9 427
5 23 428
23 156 429
112 18 430
139 6 431
46 6 432
300 27 433
142 182 434
229 157 435
183 414 436
13 184 437
14 114 438
15 28 439
33 25 440
131 134 441
19 144 442
19 155 443
146 21 444
120 17 445
139 18 446
47 47 447
48 15 448
191 17 449
142 213 450
120 10 451
129 140 452
240 124 453
11 18 454
158 20 455
42 42 456
50 36 457
166 124 458
251 9 459
297 135 460
116 118 461
175 9 462
4 171 463
122 11 464
4 70 465
297 306 466
8 25 467
135 20 468
284 48 469
30 18 470
4 401 471
194 224 472
150 138 473
115 181 474
17 135 475
27 141 476
4 170 477
321 424 478
38 110 479
4 44 480
177 11 481
114 113 482
120 204 483
169 15 484
4 39 485
24 147 486
220 11 487
27 5 488
160 335 489
157 8 490
51 37 491
117 110 492
12 125 493
128 182 494
112 283 495
199 27 496
164 272 497
133 15 498
199 8 499
147 7 500
4 28 501
4 73 502
106 413 503
106 142 504
68 37 505
222 124 506
116 18 507
150 262 508
7 271 509
396 20 510
4 332 511
246 9 512
129 18 513
32 18 514
110 13 515
116 7 516
121 216 517
106 18 518
158 29 519
116 128 520
4 34 521
11 186 522
162 10 523
124 25 524
326 231 525
158 245 526
35 53 527
358 450 528
347 54 529
16 25 530
30 125 531
411 264 532
148 15 533
11 197 534
158 9 535
35 55 536
165 17 537
109 125 538
195 126 539
121 110 540
225 118 541
129 359 542
36 52 543
24 110 544
180 8 545
116 13 546
220 15 547
29 28 548
130 6 549
34 25 550
173 11 551
212 20 552
183 123 553
113 7 554
235 206 555
350 202 556
397 171 557
119 9 558
162 15 559
124 29 560
36 49 561
191 143 562
229 242 563
131 20 564
133 13 565
114 6 566
118 13 567
118 15 568
32 131 569
284 146 570
35 51 571
14 149 572
349 150 573
238 208 574
198 7 575
189 140 576
361 520 577
37 65 578
33 301 579
106 382 580
137 20 581
151 151 582
14 188 583
35 49 584
107 124 585
13 20 586
116 181 587
143 12 588
16 124 589
127 173 590
120 141 591
296 124 592
145 11 593
48 8 594
16 8 595
106 458 596
33 182 597
187 14 598
347 43 599
331 245 600
61 37 601
115 160 602
115 13 603
200 429 604
121 157 605
106 228 606
376 525 607
361 190 608
4 280 609
106 22 610
12 114 611
369 261 612
139 146 613
606 551 614
225 341 615
12 8 616
16 218 617
154 176 618
9 15 619
147 25 620
122 157 621
275 149 622
227 33 623
23 115 624
119 10 625
178 25 626
456 42 627
126 28 628
120 135 629
5 8 630
191 140 631
381 152 632
444 20 633
27 17 634
106 133 635
169 118 636
13 11 637
27 18 638
37 52 639
24 21 640
255 113 641
4 32 642
113 13 643
44 7 644
106 359 645
4 72 646
116 137 647
195 14 648
258 532 649
26 7 650
106 155 651
13 167 652
108 27 653
111 34 654
129 146 655
64 61 656
125 9 657
127 32 658
198 15 659
15 155 660
247 23 661
121 131 662
174 10 663
19 124 664
133 224 665
246 20 666
33 287 667
343 475 668
160 29 669
314 17 670
19 22 671
180 15 672
200 489 673
389 151 674
32 147 675
418 7 676
217 217 677
158 255 678
314 365 679
8 20 680
234 12 681
19 132 682
158 531 683
124 123 684
386 197 685
106 186 686
108 155 687
157 245 688
192 141 689
127 202 690
179 16 691
17 155 692
205 583 693
37 50 694
35 45 695
137 125 696
174 150 697
116 317 698
194 34 699
163 7 700
275 24 701
55 36 702
140 29 703
113 16 704
573 132 705
471 202 706
40 49 707
35 60 708
157 29 709
127 15 710
107 7 711
131 16 712
128 25 713
612 29 714
123 25 715
163 323 716
4 252 717
118 137 718
374 190 719
307 344 720
11 11 721
26 124 722
205 151 723
135 16 724
30 143 725
106 441 726
430 30 727
348 29 728
185 25 729
133 7 730
35 69 731
186 17 732
48 10 733
121 14 734
9 10 735
16 110 736
333 242 737
4 75 738
57 57 739
113 25 740
31 11 741
517 192 742
121 24 743
131 25 744
117 170 745
106 216 746
195 124 747
106 8 748
158 310 749
35 62 750
4 248 751
187 118 752
151 20 753
66 45 754
443 21 755
222 166 756
10 125 757
156 219 758
166 128 759
34 9 760
204 13 761
139 9 762
227 8 763
51 40 764
415 415 765
163 29 766
180 123 767
186 14 768
176 13 769
225 24 770
27 21 771
115 10 772
419 76 773
40 50 774
135 29 775
64 37 776
215 636 777
130 684 778
106 490 779
65 36 780
5 10 781
147 34 782
446 13 783
171 29 784
147 29 785
137 146 786
236 243 787
118 29 788
107 668 789
258 17 790
133 10 791
6 262 792
6 138 793
116 22 794
12 21 795
124 17 796
7 28 797
30 114 798
9 25 799
4 263 800
221 16 801
137 256 802
30 230 803
221 123 804
116 132 805
240 140 806
16 170 807
14 25 808
130 128 809
106 171 810
122 478 811
513 8 812
219 115 813
118 17 814
120 223 815
187 151 816
276 316 817
63 40 818
505 49 819
199 325 820
177 169 821
309 755 822
631 144 823
29 176 824
181 126 825
9 8 826
192 152 827
194 123 828
166 5 829
127 169 830
819 773 831
106 131 832
178 28 833
33 28 834
166 182 835
144 20 836
49 36 837
27 143 838
113 15 839
637 146 840
4 328 841
189 351 842
121 231 843
121 364 844
6 10 845
679 11 846
200 174 847
185 208 848
138 202 849
39 22 850
593 339 851
540 233 852
479 233 853
193 303 854
12 176 855
158 228 856
173 190 857
55 37 858
546 114 859
4 142 860
121 143 861
7 123 862
133 123 863
602 152 864
50 40 865
265 7 866
108 239 867
17 188 868
369 169 869
116 115 870
191 206 871
251 33 872
28 47 873
13 110 874
120 663 875
20 126 876
106 444 877
435 7 878
319 328 879
496 688 880
11 124 881
146 25 882
200 166 883
51 61 884
60 601 885
14 168 886
50 37 887
108 203 888
162 716 889
17 184 890
8 131 891
410 8 892
106 327 893
14 131 894
11 142 895
26 170 896
11 188 897
142 26 898
127 689 899
225 150 900
172 32 901
34 28 902
205 273 903
193 15 904
148 178 905
19 115 906
11 203 907
113 351 908
13 115 909
110 15 910
319 15 911
8 113 912
19 142 913
122 45 914
127 210 915
195 128 916
36 45 917
198 34 918
150 144 919
191 110 920
164 363 921
111 522 922
200 23 923
153 131 924
215 835 925
14 146 926
14 264 927
15 125 928
885 491 929
111 166 930
156 489 931
481 324 932
15 135 933
247 210 934
267 21 935
187 23 936
249 171 937
277 804 938
121 634 939
210 29 940
137 124 941
113 190 942
625 448 943
423 351 944
251 228 945
222 170 946
135 9 947
418 29 948
251 29 949
10 280 950
14 304 951
223 13 952
145 273 953
199 428 954
136 15 955
111 641 956
151 10 957
541 426 958
15 168 959
277 665 960
129 9 961
770 299 962
40 51 963
8 28 964
107 142 965
324 20 966
127 252 967
24 203 968
137 33 969
18 192 970
36 65 971
122 13 972
106 239 973
46 18 974
134 619 975
540 15 976
178 141 977
386 223 978
122 5 979
506 370 980
139 259 981
154 157 982
16 28 983
160 12 984
563 29 985
221 348 986
493 21 987
137 128 988
117 124 989
147 15 990
120 26 991
156 429 992
57 28 993
558 132 994
183 338 995
16 11 996
135 131 997
4 599 998
121 853 999
517 173 1000
4 78 1001
45 56 1002
288 47 1003
143 25 1004
189 659 1005
122 582 1006
651 17 1007
20 134 1008
106 157 1009
112 113 1010
117 132 1011
199 14 1012
371 829 1013
6 12 1014
252 20 1015
507 214 1016
19 259 1017
318 12 1018
117 9 1019
329 123 1020
17 146 1021
30 304 1022
145 143 1023
122 720 1024
24 253 1025
71 36 1026
121 20 1027
196 113 1028
206 151 1029
195 461 1030
138 152 1031
17 113 1032
981 27 1033
267 9 1034
125 25 1035
11 243 1036
239 173 1037
169 14 1038
286 692 1039
220 210 1040
4 124 1041
17 20 1042
111 212 1043
743 398 1044
4 529 1045
12 33 1046
908 326 1047
191 142 1048
35 64 1049
255 152 1050
11 171 1051
800 484 1052
150 25 1053
5 141 1054
144 126 1055
7 346 1056
771 20 1057
147 28 1058
119 231 1059
163 11 1060
39 18 1061
137 416 1062
107 263 1063
358 123 1064
14 48 1065
307 69 1066
37 63 1067
152 16 1068
857 7 1069
690 29 1070
119 228 1071
142 269 1072
113 140 1073
138 192 1074
4 60 1075
453 126 1076
608 7 1077
343 18 1078
355 316 1079
196 617 1080
174 126 1081
35 28 1082
350 426 1083
17 170 1084
13 25 1085
445 141 1086
122 151 1087
210 7 1088
175 114 1089
701 152 1090
10 113 1091
867 516 1092
26 184 1093
35 63 1094
412 879 1095
40 56 1096
505 50 1097
732 236 1098
201 838 1099
115 302 1100
117 118 1101
179 10 1102
16 176 1103
803 306 1104
419 780 1105
107 474 1106
201 840 1107
201 14 1108
169 23 1109
14 28 1110
113 137 1111
127 461 1112
163 39 1113
37 49 1114
40 64 1115
10 146 1116
116 20 1117
106 586 1118
183 7 1119
54 77 1120
4 80 1121
954 338 1122
193 500 1123
115 20 1124
154 152 1125
235 316 1126
994 595 1127
405 228 1128
32 264 1129
31 157 1130
32 124 1131
220 245 1132
237 25 1133
145 8 1134
708 60 1135
809 27 1136
463 26 1137
17 594 1138
145 192 1139
183 48 1140
12 254 1141
129 170 1142
68 36 1143
34 18 1144
137 336 1145
29 149 1146
596 126 1147
427 210 1148
118 16 1149
150 12 1150
203 25 1151
54 28 1152
191 484 1153
113 181 1154
244 25 1155
107 115 1156
30 261 1157
4 79 1158
45 61 1159
140 7 1160
108 805 1161
166 138 1162
137 299 1163
1100 237 1164
546 482 1165
112 292 1166
110 16 1167
221 366 1168
114 7 1169
445 113 1170
211 400 1171
111 11 1172
250 18 1173
111 15 1174
258 697 1175
208 124 1176
383 290 1177
256 25 1178
108 110 1179
150 182 1180
18 10 1181
280 13 1182
191 12 1183
199 11 1184
4 33 1185
35 65 1186
10 33 1187
459 34 1188
528 16 1189
6 128 1190
45 40 1191
176 20 1192
10 131 1193
215 5 1194
185 715 1195
24 304 1196
273 29 1197
48 14 1198
309 171 1199
106 163 1200
50 536 1201
506 134 1202
171 27 1203
114 8 1204
129 155 1205
534 20 1206
7 311 1207
705 11 1208
158 142 1209
141 25 1210
329 265 1211
196 327 1212
180 29 1213
391 144 1214
24 155 1215
589 261 1216
117 135 1217
172 23 1218
168 9 1219
144 9 1220
142 265 1221
28 9 1222
345 262 1223
277 34 1224
66 50 1225
4 144 1226
598 123 1227
955 283 1228
4 234 1229
11 413 1230
130 115 1231
13 171 1232
143 126 1233
127 166 1234
777 335 1235
396 168 1236
161 12 1237
129 20 1238
120 160 1239
132 17 1240
980 7 1241
43 28 1242
250 1008 1243
300 11 1244
923 181 1245
317 33 1246
232 55 1247
161 303 1248
642 133 1249
193 730 1250
111 110 1251
4 42 1252
504 137 1253
106 236 1254
10 25 1255
746 173 1256
232 56 1257
23 128 1258
485 327 1259
276 11 1260
122 6 1261
778 588 1262
196 128 1263
138 253 1264
204 911 1265
8 147 1266
23 263 1267
991 568 1268
140 8 1269
124 28 1270
555 8 1271
35 56 1272
66 51 1273
185 295 1274
154 282 1275
288 447 1276
54 47 1277
140 27 1278
10 155 1279
36 51 1280
7 27 1281
19 603 1282
109 474 1283
122 315 1284
30 166 1285
329 26 1286
4 77 1287
204 437 1288
63 750 1289
464 633 1290
405 9 1291
137 316 1292
11 303 1293
122 186 1294
140 138 1295
250 115 1296
238 849 1297
661 733 1298
193 564 1299
17 25 1300
278 181 1301
185 224 1302
16 197 1303
113 224 1304
190 25 1305
625 146 1306
199 142 1307
16 156 1308
145 181 1309
18 15 1310
560 147 1311
681 151 1312
169 13 1313
24 146 1314
329 1057 1315
66 52 1316
294 126 1317
12 16 1318
534 9 1319
222 18 1320
16 493 1321
106 176 1322
131 178 1323
106 1078 1324
11 25 1325
275 212 1326
385 12 1327
10 26 1328
622 39 1329
24 257 1330
203 33 1331
30 148 1332
162 123 1333
15 657 1334
340 192 1335
153 272 1336
145 476 1337
118 298 1338
220 202 1339
129 132 1340
123 140 1341
638 1031 1342
806 399 1343
142 25 1344
127 134 1345
579 15 1346
32 133 1347
19 474 1348
20 28 1349
30 264 1350
215 9 1351
227 126 1352
119 137 1353
221 115 1354
122 141 1355
191 118 1356
57 25 1357
161 500 1358
121 204 1359
319 44 1360
252 126 1361
121 27 1362
888 11 1363
106 339 1364
118 7 1365
35 71 1366
130 259 1367
10 253 1368
286 236 1369
131 28 1370
559 1050 1371
106 214 1372
24 291 1373
4 45 1374
169 34 1375
133 110 1376
635 118 1377
229 151 1378
142 15 1379
66 49 1380
117 128 1381
705 417 1382
37 68 1383
810 206 1384
247 1342 1385
937 7 1386
635 290 1387
26 132 1388
17 28 1389
122 68 1390
135 392 1391
171 110 1392
13 382 1393
610 113 1394
391 118 1395
883 29 1396
368 342 1397
255 20 1398
16 118 1399
299 25 1400
137 384 1401
246 33 1402
1071 587 1403
114 22 1404
337 271 1405
28 20 1406
207 537 1407
148 25 1408
373 63 1409
576 326 1410
158 30 1411
122 169 1412
202 23 1413
153 143 1414
560 16 1415
30 206 1416
153 364 1417
222 115 1418
159 12 1419
121 203 1420
563 7 1421
153 1164 1422
129 115 1423
153 1037 1424
23 259 1425
168 270 1426
205 1074 1427
221 271 1428
250 83 1429
9 11 1430
388 151 1431
4 76 1432
124 10 1433
170 33 1434
477 23 1435
127 1016 1436
15 163 1437
232 45 1438
106 827 1439
4 346 1440
106 1111 1441
122 831 1442
280 19 1443
39 5 1444
462 126 1445
397 490 1446
815 23 1447
187 302 1448
11 490 1449
4 59 1450
172 206 1451
111 1304 1452
220 32 1453
279 25 1454
121 116 1455
108 763 1456
122 55 1457
765 765 1458
254 388 1459
12 26 1460
41 41 1461
737 29 1462
653 118 1463
1218 926 1464
452 9 1465
391 826 1466
288 72 1467
185 323 1468
145 173 1469
120 671 1470
121 588 1471
128 28 1472
172 213 1473
293 131 1474
196 261 1475
12 151 1476
14 147 1477
107 22 1478
953 23 1479
4 64 1480
762 152 1481
153 160 1482
11 135 1483
248 248 1484
1243 508 1485
138 257 1486
40 63 1487
4 67 1488
4 12 1489
211 327 1490
4 398 1491
223 23 1492
136 123 1493
127 970 1494
115 437 1495
111 239 1496
175 6 1497
922 14 1498
7 13 1499
185 8 1500
731 1201 1501
28 13 1502
127 552 1503
16 12 1504
695 61 1505
162 118 1506
121 142 1507
222 6 1508
172 1038 1509
122 18 1510
1283 287 1511
12 168 1512
342 137 1513
106 83 1514
557 17 1515
127 787 1516
333 15 1517
30 141 1518
238 370 1519
621 20 1520
197 8 1521
123 143 1522
108 364 1523
4 305 1524
308 1124 1525
127 133 1526
521 137 1527
185 669 1528
46 21 1529
174 8 1530
200 160 1531
269 143 1532
366 298 1533
4 71 1534
381 237 1535
145 380 1536
125 21 1537
121 325 1538
106 128 1539
381 282 1540
28 186 1541
726 126 1542
46 146 1543
125 6 1544
122 60 1545
27 7 1546
172 328 1547
578 35 1548
229 753 1549
884 36 1550
121 552 1551
150 202 1552
446 166 1553
282 6 1554
40 45 1555
8 144 1556
622 1182 1557
1089 301 1558
10 257 1559
761 131 1560
122 51 1561
28 31 1562
146 149 1563
463 110 1564
113 244 1565
120 1141 1566
284 33 1567
590 124 1568
152 25 1569
480 6 1570
427 243 1571
45 776 1572
362 17 1573
116 155 1574
168 29 1575
110 12 1576
431 212 1577
52 36 1578
250 7 1579
4 87 1580
368 324 1581
110 29 1582
131 12 1583
678 8 1584
28 45 1585
172 143 1586
504 245 1587
622 392 1588
4 55 1589
285 959 1590
144 8 1591
140 123 1592
579 29 1593
1027 181 1594
106 796 1595
117 144 1596
233 30 1597
739 57 1598
66 55 1599
1012 1413 1600
459 15 1601
120 807 1602
368 190 1603
27 20 1604
130 118 1605
130 230 1606
162 12 1607
158 7 1608
251 862 1609
171 16 1610
13 239 1611
106 203 1612
121 29 1613
605 254 1614
131 34 1615
122 19 1616
17 48 1617
136 166 1618
157 20 1619
111 342 1620
122 71 1621
28 6 1622
32 142 1623
236 210 1624
30 253 1625
276 182 1626
618 15 1627
129 144 1628
120 11 1629
136 1177 1630
416 182 1631
137 468 1632
205 919 1633
121 294 1634
140 17 1635
141 173 1636
242 29 1637
231 126 1638
238 25 1639
31 582 1640
15 20 1641
172 230 1642
4 438 1643
4 216 1644
106 282 1645
276 167 1646
153 1393 1647
168 146 1648
432 20 1649
233 25 1650
35 344 1651
318 227 1652
321 1143 1653
279 208 1654
122 166 1655
420 51 1656
186 933 1657
1199 234 1658
209 270 1659
106 633 1660
383 123 1661
131 1181 1662
122 365 1663
507 19 1664
1504 406 1665
54 78 1666
61 1135 1667
120 974 1668
24 292 1669
592 33 1670
187 204 1671
4 426 1672
262 7 1673
26 218 1674
201 552 1675
352 265 1676
48 12 1677
250 343 1678
10 147 1679
111 319 1680
587 7 1681
340 33 1682
122 20 1683
113 28 1684
559 214 1685
306 202 1686
120 221 1687
138 488 1688
320 124 1689
176 7 1690
4 62 1691
258 174 1692
26 25 1693
34 115 1694
121 8 1695
318 763 1696
561 45 1697
348 7 1698
229 178 1699
56 37 1700
329 254 1701
7 16 1702
250 22 1703
291 25 1704
24 264 1705
107 603 1706
701 237 1707
115 25 1708
1566 135 1709
69 50 1710
172 280 1711
509 25 1712
385 143 1713
108 149 1714
385 236 1715
64 51 1716
172 1430 1717
1214 11 1718
9 126 1719
160 138 1720
207 624 1721
173 126 1722
185 123 1723
8 140 1724
64 36 1725
154 1279 1726
465 47 1727
7 634 1728
122 132 1729
608 20 1730
205 1459 1731
39 114 1732
144 150 1733
50 754 1734
190 33 1735
225 680 1736
29 44 1737
116 213 1738
127 17 1739
118 532 1740
137 29 1741
573 12 1742
210 34 1743
133 255 1744
158 48 1745
197 126 1746
119 766 1747
631 263 1748
939 1495 1749
10 474 1750
1376 218 1751
106 242 1752
12 25 1753
707 62 1754
120 166 1755
231 20 1756
16 270 1757
156 23 1758
153 231 1759
119 155 1760
965 165 1761
121 169 1762
145 24 1763
1244 664 1764
106 213 1765
31 13 1766
153 181 1767
35 82 1768
273 7 1769
72 47 1770
309 34 1771
153 791 1772
1667 62 1773
537 20 1774
208 271 1775
225 142 1776
137 14 1777
210 15 1778
17 114 1779
1345 17 1780
136 29 1781
743 176 1782
158 132 1783
135 15 1784
130 9 1785
145 204 1786
187 244 1787
122 1047 1788
17 181 1789
560 10 1790
121 1203 1791
123 110 1792
260 311 1793
32 304 1794
121 115 1795
164 23 1796
391 290 1797
120 417 1798
377 45 1799
989 721 1800
31 5 1801
480 7 1802
11 216 1803
136 428 1804
135 407 1805
118 123 1806
122 9 1807
4 57 1808
120 113 1809
32 128 1810
122 223 1811
256 28 1812
225 126 1813
135 147 1814
307 35 1815
686 303 1816
869 123 1817
764 702 1818
189 640 1819
46 264 1820
122 735 1821
30 5 1822
691 1662 1823
225 1428 1824
460 25 1825
162 14 1826
144 14 1827
23 155 1828
46 228 1829
146 228 1830
339 115 1831
37 56 1832
452 29 1833
4 47 1834
286 170 1835
541 202 1836
330 12 1837
288 78 1838
4 818 1839
345 1554 1840
247 589 1841
120 897 1842
652 224 1843
118 166 1844
11 339 1845
16 132 1846
70 28 1847
136 5 1848
1007 280 1849
161 564 1850
251 48 1851
122 630 1852
121 213 1853
543 51 1854
43 54 1855
31 151 1856
116 228 1857
122 133 1858
112 20 1859
145 15 1860
180 233 1861
783 698 1862
203 28 1863
235 1021 1864
125 28 1865
972 975 1866
333 753 1867
12 28 1868
232 60 1869
123 515 1870
130 142 1871
206 8 1872
492 363 1873
447 47 1874
292 25 1875
137 667 1876
172 310 1877
521 18 1878
1526 1113 1879
162 233 1880
1039 30 1881
389 202 1882
176 25 1883
63 373 1884
189 575 1885
10 137 1886
7 190 1887
287 25 1888
201 669 1889
23 20 1890
46 304 1891
119 317 1892
117 137 1893
197 165 1894
108 115 1895
125 22 1896
478 45 1897
900 124 1898
298 25 1899
157 7 1900
244 28 1901
179 874 1902
457 1697 1903
201 272 1904
174 181 1905
176 150 1906
125 270 1907
145 239 1908
119 181 1909
18 8 1910
135 270 1911
179 12 1912
106 124 1913
1451 16 1914
122 868 1915
177 370 1916
236 152 1917
1381 114 1918
1098 324 1919
336 25 1920
1436 1346 1921
368 244 1922
1447 482 1923
121 1750 1924
136 213 1925
121 403 1926
362 269 1927
10 114 1928
26 128 1929
982 512 1930
1362 140 1931
580 32 1932
183 29 1933
128 192 1934
934 124 1935
6 14 1936
122 931 1937
577 137 1938
906 437 1939
337 323 1940
433 1310 1941
203 12 1942
205 142 1943
421 25 1944
194 25 1945
506 13 1946
410 126 1947
116 113 1948
108 1354 1949
163 123 1950
749 8 1951
1049 56 1952
235 17 1953
48 704 1954
11 28 1955
1137 133 1956
177 1686 1957
240 171 1958
122 118 1959
493 9 1960
172 644 1961
158 118 1962
434 25 1963
132 255 1964
26 28 1965
174 16 1966
232 65 1967
205 210 1968
169 1295 1969
161 221 1970
10 264 1971
150 132 1972
172 140 1973
460 28 1974
191 814 1975
122 65 1976
73 28 1977
122 1034 1978
240 317 1979
338 123 1980
222 216 1981
349 1312 1982
23 898 1983
649 25 1984
165 13 1985
789 16 1986
577 198 1987
176 126 1988
679 417 1989
378 25 1990
632 126 1991
345 138 1992
15 149 1993
320 115 1994
1478 152 1995
1156 1103 1996
841 138 1997
122 243 1998
325 212 1999
1 0 2 3
